  0.00  0.10
  3.13  1.11
  6.88  0.48
  7.32  0.19
  8.12  0.71
  8.33  0.62
  9.05  0.28
 11.60  0.70
 12.23  0.20
 12.98  0.91
 13.47  0.66
 13.99  0.82
 15.56  1.04
 15.97  1.28
 17.74  1.09
 18.44  0.60
 19.03  0.80
 20.15  0.37
 20.99  1.11
 22.70  0.58
 23.00  0.38
 24.84  0.94
 24.96  0.86
 26.11  0.19
 27.08  0.50
 27.74  0.84
 27.92  0.97
 30.93  0.16
 31.93  1.04
 32.74  0.62
 32.95  0.44
 38.24  1.14
 38.32  1.16
 40.20  0.85
 42.62  0.21
 42.81  0.17
 43.92  0.76
 44.26  1.10
 44.43  1.16
 44.58  1.00
 44.96  0.94
 45.45  0.70
 45.61  0.57
 45.65  0.55
 46.73  0.20
 47.03  0.11
 49.12  0.72
 49.43  0.57
 49.58  0.47
 50.15  0.92
 50.67  0.58
 50.89  0.45
 50.94  0.47
 51.17  0.50
 51.42  0.55
 52.13  0.96
 53.92  0.12
 53.95  0.11
 62.26  1.18
 64.56  0.59
 65.32  1.02
 66.39  0.54
 66.88  0.32
 66.92  0.35
 68.77  0.88
 68.99  1.05
 71.79  0.12
 74.12  0.53
 74.34  0.32
 74.65  0.42
 77.04  1.03
 77.82  0.43
 78.29  0.89
 79.74  0.11
 80.51  0.67
 81.30  1.13
 82.35  0.41
 82.69  0.67
 82.81  0.73
 83.00  0.64
 83.93  0.26
 86.83  1.18
 87.99  0.11
 88.65  0.70
 88.96  0.79
 88.97  0.77
 90.07  0.53
 93.96  1.03
 95.42  0.30
 96.06  0.43
 98.05  1.21
 99.09  0.19
100.93  1.22
102.08  1.03
102.10  1.02
102.73  0.81
103.08  0.47
103.64  0.94
103.71  0.89
104.01  0.65
104.79  0.29
105.75  0.99
106.27  1.18
107.84  0.33
109.34  1.15
110.30  0.92
110.60  0.66
111.06  0.93
111.67  0.56
111.75  0.61
112.38  0.11
113.10  0.65
113.44  0.88
114.40  0.54
115.09  0.73
117.35  0.40
122.75  1.08
123.91  0.44
125.34  0.96
126.47  0.57
127.47  0.11
128.58  0.73
129.12  0.19
129.88  0.75
130.30  0.62
130.67  0.35
131.03  0.50
133.19  0.92
133.31  0.88
133.65  1.21
136.89  0.14
138.11  0.51
138.17  0.56
138.39  0.67
138.75  0.76
139.26  0.68
139.54  0.89
140.08  0.41
141.24  1.18
142.38  0.21
144.46  1.20
146.96  0.29
147.86  0.87
149.01  0.75
149.32  0.53
149.96  0.80
149.96  0.80
150.48  0.60
151.17  0.10
152.52  1.26
155.01  0.14
155.85  0.86
155.96  0.96
155.98  0.98
156.79  0.44
157.65  0.82
158.13  1.22
158.13  1.22
161.60  0.57
161.60  0.57
161.81  0.39
162.76  1.21
165.44  0.40
165.47  0.43
167.39  0.14
168.14  0.86
168.30  0.75
168.85  1.02
169.06  0.94
177.36  0.11
177.36  0.11
177.62  0.26
181.50  1.20
181.82  1.26
182.71  0.52
182.79  0.57
183.04  0.67
183.42  1.00
184.69  0.80
185.54  1.29
186.29  0.66
186.68  0.82
188.17  0.63
189.35  0.96
189.36  0.96
189.89  0.49
193.68  1.27
195.30  0.78
195.35  0.80
196.21  0.24
198.00  1.21
198.50  0.93
199.16  0.38
199.54  0.14
200.77  1.02
200.97  1.19
204.74  0.37
208.14  0.82
213.53  0.17
214.58  0.27
218.43  1.23
218.99  0.90
219.20  1.10
219.30  1.16
219.44  1.28
220.95  0.51
223.43  1.24
227.34  0.36
229.60  1.16
231.06  0.12
232.19  0.25
232.90  0.65
233.59  0.13
235.01  0.49
237.86  0.90
238.15  1.14
239.27  0.75
240.12  0.89
240.45  0.59
241.13  0.95
241.73  0.52
243.64  1.19
245.26  0.34
245.79  0.53
245.92  0.57
246.38  0.23
252.91  0.93
256.02  0.18
256.04  0.20
256.19  0.10
256.36  0.26
257.99  0.58
258.33  0.88
261.49  0.34
262.20  0.14
263.31  0.54
263.61  0.48
265.25  1.00
266.63  0.15
266.68  0.17
266.72  0.13
268.03  1.00
269.15  0.41
271.36  0.94
271.48  0.84
271.98  1.06
274.18  0.23
276.27  0.75
276.86  1.16
282.39  0.18
285.40  0.80
287.27  0.31
287.33  0.24
287.78  0.12
289.02  0.68
291.80  0.39
291.84  0.36
291.90  0.31
292.12  0.43
292.96  1.12
294.27  0.82
296.37  1.14
297.18  0.56
297.73  0.14
297.75  0.16
298.81  0.62
300.00  0.29
